%YAML:1.0
---
R: !!opencv-matrix
   rows: 3
   cols: 3
   dt: d
   data: [ 1.1949982481011885e-01, -2.4674699733173172e-01,
       9.6168378959932832e-01, -3.8874514813339262e-01,
       8.7965760956245376e-01, 2.7400675127013957e-01,
       -9.1356280663843659e-01, -4.0659366601884478e-01,
       9.1972322064072728e-03 ]
T: !!opencv-matrix
   rows: 3
   cols: 1
   dt: d
   data: [ -2.4414165700103393e+01, -3.3977239781931627e+02,
       1.3251676970645535e+03 ]
Rl: !!opencv-matrix
   rows: 3
   cols: 3
   dt: d
   data: [ 7.9039339237413531e-01, 6.0783003562436078e-01,
       7.6295039708977511e-02, -6.0924212339382910e-01,
       7.9296274801335220e-01, -5.8408343317785886e-03,
       -6.4049358887379476e-02, -4.1865595134924091e-02,
       9.9706817799492242e-01 ]
Rr: !!opencv-matrix
   rows: 3
   cols: 3
   dt: d
   data: [ 1.7843338656395098e-02, 2.4832607572413171e-01,
       -9.6851214519026341e-01, -2.7408253977532748e-01,
       9.3277520685737869e-01, 2.3411359392927250e-01,
       9.6154062662786088e-01, 2.6127490041645235e-01,
       8.4705665433155469e-02 ]
Pl: !!opencv-matrix
   rows: 3
   cols: 4
   dt: d
   data: [ 1.0120529777105072e+03, 0., -9.8797740173339844e+03, 0., 0.,
       1.0120529777105072e+03, -1.0028528656005859e+04, 0., 0., 0., 1.,
       0. ]
Pr: !!opencv-matrix
   rows: 3
   cols: 4
   dt: d
   data: [ 1.0120529777105072e+03, 0., -9.8797740173339844e+03,
       -1.3847424840671367e+06, 0., 1.0120529777105072e+03,
       -1.0028528656005859e+04, 0., 0., 0., 1., 0. ]
Q: !!opencv-matrix
   rows: 4
   cols: 4
   dt: d
   data: [ 1., 0., 0., 9.8797740173339844e+03, 0., 1., 0.,
       1.0028528656005859e+04, 0., 0., 0., 1.0120529777105072e+03, 0.,
       0., 7.3086006196473408e-04, 0. ]
