%YAML:1.0
---
cameraMatrixL: !!opencv-matrix
   rows: 3
   cols: 3
   dt: d
   data: [ 1.3877106023281192e+01, 0., 9.4634304914480208e+02, 0.,
       1.0139053070764971e+03, 5.1858612324624028e+02, 0., 0., 1. ]
cameraDistcoeffL: !!opencv-matrix
   rows: 5
   cols: 1
   dt: d
   data: [ -3.6917121710643558e-01, 1.6183756984305203e-01,
       -9.4063542689728751e-05, 2.4191782476991100e-04,
       -3.0060098178680439e-02 ]
cameraMatrixR: !!opencv-matrix
   rows: 3
   cols: 3
   dt: d
   data: [ 2.1009822936221673e+04, 0., 9.6738266497401787e+02, 0.,
       1.0102006483445173e+03, 4.9328867346645762e+02, 0., 0., 1. ]
cameraDistcoeffR: !!opencv-matrix
   rows: 5
   cols: 1
   dt: d
   data: [ -3.6732118996936858e-01, 1.5575414010588939e-01,
       -2.1883797169041381e-04, 4.5186841078844663e-04,
       -3.0849211088824109e-02 ]
