RMS error report by calibrateCamera: 0.167334

每幅图像的标定误差：
第1幅图像的平均误差：0.0154004像素
第2幅图像的平均误差：0.0140247像素
第3幅图像的平均误差：0.0231517像素
第4幅图像的平均误差：0.0216058像素
第5幅图像的平均误差：0.0145121像素
第6幅图像的平均误差：0.0211975像素
第7幅图像的平均误差：0.0161054像素
第8幅图像的平均误差：0.0164703像素
第9幅图像的平均误差：0.0186728像素
第10幅图像的平均误差：0.0154546像素
第11幅图像的平均误差：0.0130818像素
第12幅图像的平均误差：0.0153563像素
第13幅图像的平均误差：0.0139507像素
第14幅图像的平均误差：0.0175863像素
第15幅图像的平均误差：0.0120711像素
第16幅图像的平均误差：0.015772像素
第17幅图像的平均误差：0.0125099像素
第18幅图像的平均误差：0.0129235像素
第19幅图像的平均误差：0.018173像素
第20幅图像的平均误差：0.0290152像素
第21幅图像的平均误差：0.0150671像素
第22幅图像的平均误差：0.0180679像素
第23幅图像的平均误差：0.0250325像素
第24幅图像的平均误差：0.0209907像素
总体平均误差：0.0173414像素

相机内参数矩阵：
[1013.882047219104, 0, 946.3430491448021;
 0, 1013.905239617196, 518.5861232462403;
 0, 0, 1]

畸变系数：
[-0.3691712171064356, 0.1618375698369081, -9.406354268972872e-05, 0.000241917824769911, -0.03757177488367499]


第1幅图像的旋转向量：
[443.164233242489;
 -370.005696160775;
 829.3052725797302]
第1幅图像的旋转矩阵：
[0.5408557384818935, 0.6490772770033542, 0.5349521087248061;
 -0.8316693173322329, 0.5077330899364657, 0.2247960319750031;
 -0.1257028908153801, -0.5664854789502376, 0.8144280111705249]
第1幅图像的平移向量：
[0.1389869679879951;
 -2.563245731226042;
 -0.4226678097917595]

第2幅图像的旋转向量：
[149.1933942067843;
 -367.2796315100265;
 922.2297418494147]
第2幅图像的旋转矩阵：
[0.1043186538345876, 0.8656572069117269, 0.4896480558359515;
 -0.965270320151946, 0.2066988560635843, -0.1597773198416011;
 -0.2395220814369713, -0.4559749806993728, 0.8571557556712242]
第2幅图像的平移向量：
[0.22345301115051;
 -2.903864102216401;
 -0.3550875173018931]

第3幅图像的旋转向量：
[-134.9441458045656;
 -322.6825994262755;
 922.7897620787818]
第3幅图像的旋转矩阵：
[0.9259685490843589, -0.3529331526148441, -0.134240217118248;
 0.3596795228159011, 0.9326239651759245, 0.02903756956877677;
 0.1149473226027163, -0.07517133339833079, 0.9905232877936713]
第3幅图像的平移向量：
[-0.2114277136900641;
 2.782183323654215;
 0.3326031139395749]

第4幅图像的旋转向量：
[-399.4849145502722;
 -286.8820143191654;
 872.7225045182713]
第4幅图像的旋转矩阵：
[-0.6147123583619314, -0.1220569080280102, -0.7792501701506097;
 0.5606020287518482, -0.7625845495548471, -0.3227850215538865;
 -0.5548459983062187, -0.6352691681349512, 0.5371954971709115]
第4幅图像的平移向量：
[0.3113852332525314;
 -3.579962069139834;
 -0.4600484285805096]

第5幅图像的旋转向量：
[285.7896126128736;
 54.81016747891146;
 1121.004095606719]
第5幅图像的旋转矩阵：
[-0.3737222121511549, -0.8409451838489865, 0.391334774721135;
 0.8751104728598935, -0.4595178547273353, -0.1517399139241924;
 0.3074302659722703, 0.2857525834493573, 0.9076519666789894]
第5幅图像的平移向量：
[-0.2813134635266157;
 3.111034518927295;
 -0.1250622788377612]

第6幅图像的旋转向量：
[-110.0691688516409;
 61.05969152811148;
 1177.416388453239]
第6幅图像的旋转矩阵：
[-0.9506433036467343, -0.2603187558619018, -0.168853352285746;
 0.241456154344645, -0.9624127119755006, 0.1243410525814264;
 -0.1948749208100357, 0.07743330791380165, 0.9777667656781995]
第6幅图像的平移向量：
[-0.2146997798064902;
 2.810770665682684;
 0.008302560167069277]

第7幅图像的旋转向量：
[-382.8570974975305;
 81.71096371272246;
 1050.957780099952]
第7幅图像的旋转矩阵：
[-0.765995080997285, -0.0926165151443184, -0.6361396992882028;
 -0.006820621833618347, -0.9883405181370067, 0.1521068681107988;
 -0.6428102480559607, 0.1208519810809713, 0.7564322730179085]
第7幅图像的平移向量：
[0.2571326531769682;
 -3.323414896636388;
 -0.05045890957978067]

第8幅图像的旋转向量：
[596.2148727082595;
 64.36061363066605;
 968.0690373983825]
第8幅图像的旋转矩阵：
[0.323666140777473, -0.8205549742780003, 0.4710942193466691;
 0.8756974260068779, 0.07123194313437756, -0.4775772485810327;
 0.3583214302817315, 0.5671115802599443, 0.7416132470067691]
第8幅图像的平移向量：
[0.3305353307588949;
 -2.439187268844332;
 -0.0615042303118337]

第9幅图像的旋转向量：
[855.1271151758461;
 47.50425189911507;
 740.439399832956]
第9幅图像的旋转矩阵：
[0.7379036354191054, -0.582953491553441, 0.3400932982593461;
 0.6216339116968329, 0.3908336538588303, -0.6788374877979635;
 0.2628107772975882, 0.7123301774437247, 0.6507812333182553]
第9幅图像的平移向量：
[0.2687173501873196;
 -2.102879077934803;
 -0.1300090833509463]

第10幅图像的旋转向量：
[798.2528536447194;
 -449.7200981369406;
 897.247855290403]
第10幅图像的旋转矩阵：
[0.8879460592086811, -0.4433301855791235, -0.122515886684762;
 0.363460814954924, 0.8395604445389258, -0.4037753037989122;
 0.2818652726535781, 0.3140009657946634, 0.9066175387405335]
第10幅图像的平移向量：
[-0.2080630595751128;
 -2.448480708510066;
 -1.028231488579224]

第11幅图像的旋转向量：
[486.2779780786221;
 -408.4386509941511;
 1162.806065586669]
第11幅图像的旋转矩阵：
[0.7157213826824617, 0.6131939627223179, 0.3342694518678096;
 -0.6875378018201556, 0.7026870700001369, 0.1830919242428002;
 -0.1226159591546458, -0.3608656893298716, 0.9245221905530785]
第11幅图像的平移向量：
[-0.2915908863171679;
 2.677715881842778;
 1.146554513640701]

第12幅图像的旋转向量：
[44.0011662395736;
 -481.7425558056623;
 1149.173548600123]
第12幅图像的旋转矩阵：
[-0.9293632377039753, -0.3609529049086685, -0.07744012424046157;
 0.3082733097461132, -0.6433902972803958, -0.7007256894560244;
 0.2031047485967803, -0.6751014189019585, 0.7092154364465006]
第12幅图像的平移向量：
[-0.3721241791749751;
 2.435155524337606;
 0.7808087012281765]

第13幅图像的旋转向量：
[43.61877767433955;
 -437.6981066179794;
 1145.816180338125]
第13幅图像的旋转矩阵：
[-0.5237899989237569, -0.813489430654284, -0.2527429192701939;
 0.7748154847506182, -0.3316777383919695, -0.5381921984252958;
 0.3539844652214493, -0.4777288185455816, 0.8040336897872672]
第13幅图像的平移向量：
[-0.3612491617800621;
 2.407366508604224;
 0.8244579756180059]

第14幅图像的旋转向量：
[-391.7191530831844;
 -246.6772451593807;
 950.1722097696818]
第14幅图像的旋转矩阵：
[0.3142961996881302, -0.8111148701033136, -0.4932652089483747;
 0.9486263651089103, 0.2484108214415405, 0.1959593917397061;
 -0.03641316083307722, -0.529513674316371, 0.8475195280523752]
第14幅图像的平移向量：
[-0.5085561665359998;
 2.311266351160753;
 0.5135981485205791]

第15幅图像的旋转向量：
[263.1846248940657;
 -400.3252644223012;
 1602.163589492455]
第15幅图像的旋转矩阵：
[0.6054126672484261, -0.7850024079451081, -0.1313267750899582;
 0.7545142283540587, 0.618578294506911, -0.2192468307095918;
 0.2533451825996021, 0.03364688819643134, 0.9667906212661928]
第15幅图像的平移向量：
[0.3072988320286325;
 -3.030735445215237;
 -0.1799417407852509]

第16幅图像的旋转向量：
[-220.4198740363166;
 -663.1558585297075;
 2064.65770583412]
第16幅图像的旋转矩阵：
[0.8556022536921981, 0.4971260771653573, 0.1442582645085355;
 -0.4881493108476143, 0.8676141663283291, -0.09463566296802517;
 -0.1722063697887818, 0.01055091411118318, 0.9850043880184431]
第16幅图像的平移向量：
[0.3347976101849038;
 -3.143967866931488;
 -0.2057076198157082]

第17幅图像的旋转向量：
[-905.0264913604716;
 -704.8570499705728;
 1952.586013695298]
第17幅图像的旋转矩阵：
[-0.5888333365346361, -0.1565670700310384, -0.7929451774034468;
 0.6269508082792526, -0.7076431192034713, -0.3258433670369452;
 -0.5101058574291024, -0.6890050568942709, 0.5148437100622314]
第17幅图像的平移向量：
[0.2136218080428686;
 -3.133377309638998;
 -0.2565064641666165]

第18幅图像的旋转向量：
[1310.958405752266;
 -750.3444500328682;
 1674.011245391406]
第18幅图像的旋转矩阵：
[0.7476616863990244, 0.5094625871987396, 0.4259693356753906;
 -0.6569772072108077, 0.661013157900577, 0.3625500714215822;
 -0.0968656383680738, -0.5509169423126081, 0.8289195200841105]
第18幅图像的平移向量：
[0.08905659223956569;
 3.160545078591731;
 0.4645771853396709]

第19幅图像的旋转向量：
[1545.419674263642;
 -827.905435979618;
 1645.172070712582]
第19幅图像的旋转矩阵：
[0.05557292090851074, 0.1863062645370016, 0.980918766389942;
 -0.8987775708608772, -0.418557662058144, 0.1304161096254668;
 0.4348684037489018, -0.8888753902132118, 0.1441874200275219]
第19幅图像的平移向量：
[0.1830988504169972;
 -2.44143748404533;
 0.03262101518432839]

第20幅图像的旋转向量：
[-1196.704307415043;
 -768.5366068271737;
 1606.990569228518]
第20幅图像的旋转矩阵：
[-0.355271033153583, 0.5837655373512873, -0.7300686888252012;
 0.2018829776541224, -0.7146698021099667, -0.6696942117754984;
 -0.9127024467675601, -0.3853113953065282, 0.1360491540269378]
第20幅图像的平移向量：
[0.2650397591299751;
 -3.582791463859941;
 -0.8633081474076352]

第21幅图像的旋转向量：
[-133.915720060836;
 -188.1696072591275;
 975.98234014588]
第21幅图像的旋转矩阵：
[-0.6879627433976119, 0.719784220274985, -0.09283286023797488;
 -0.6336770691201176, -0.6581068558099809, -0.4066309609550642;
 -0.3537804909377698, -0.2209208966554158, 0.9088637530745727]
第21幅图像的平移向量：
[0.2494540654580581;
 -2.942012322634345;
 -0.1240450544897207]

第22幅图像的旋转向量：
[-335.5753182897047;
 -195.7220617046708;
 798.4247915996161]
第22幅图像的旋转矩阵：
[-0.2059231294199418, -0.704210823240048, -0.6794724285807865;
 0.9386164968824496, -0.3385155163643921, 0.06638009461176952;
 -0.2767575410896991, -0.6240948338290607, 0.730692070463243]
第22幅图像的平移向量：
[0.2819924275342721;
 -3.558179868020213;
 -0.4440812029405085]

第23幅图像的旋转向量：
[154.3826708186567;
 -132.4831335200413;
 576.5803772532414]
第23幅图像的旋转矩阵：
[-0.2810861182084508, -0.9515898841206112, 0.1243675463689245;
 0.8018617205853302, -0.3040808358532209, -0.5143467957776546;
 0.5272649952447429, -0.04485016952173421, 0.8485164035441113]
第23幅图像的平移向量：
[0.1994551762850107;
 -2.453884972103823;
 -0.3052823224786789]

第24幅图像的旋转向量：
[424.3142848642122;
 -140.1932854381618;
 465.7223263625479]
第24幅图像的旋转矩阵：
[0.343780436132712, 0.547738832634652, 0.7627563064022687;
 -0.8777802436218951, -0.1011546735028472, 0.4682622939503235;
 0.3336418073915337, -0.8305118320966666, 0.4460193281775462]
第24幅图像的平移向量：
[0.1292424885757687;
 -2.296175727544029;
 -0.3819505349674095]


