RMS error report by calibrateCamera: 0.186528

每幅图像的标定误差：
第1幅图像的平均误差：0.0194628像素
第2幅图像的平均误差：0.0187167像素
第3幅图像的平均误差：0.0226509像素
第4幅图像的平均误差：0.0249835像素
第5幅图像的平均误差：0.0135373像素
第6幅图像的平均误差：0.0223704像素
第7幅图像的平均误差：0.0163329像素
第8幅图像的平均误差：0.0167443像素
第9幅图像的平均误差：0.0210245像素
第10幅图像的平均误差：0.0149945像素
第11幅图像的平均误差：0.0194994像素
第12幅图像的平均误差：0.0182274像素
第13幅图像的平均误差：0.0145263像素
第14幅图像的平均误差：0.0243983像素
第15幅图像的平均误差：0.0118654像素
第16幅图像的平均误差：0.0153797像素
第17幅图像的平均误差：0.0119983像素
第18幅图像的平均误差：0.0167537像素
第19幅图像的平均误差：0.0193811像素
第20幅图像的平均误差：0.0305003像素
第21幅图像的平均误差：0.0154816像素
第22幅图像的平均误差：0.0233868像素
第23幅图像的平均误差：0.0301681像素
第24幅图像的平均误差：0.0200383像素
总体平均误差：0.0192676像素

相机内参数矩阵：
[1009.822936743211, 0, 967.3826649740179;
 0, 1010.200648624123, 493.2886734664576;
 0, 0, 1]

畸变系数：
[-0.3673211899693686, 0.1557541373281207, -0.0002188379716904138, 0.0004518684107884466, -0.03393382018853325]


第1幅图像的旋转向量：
[357.884169502478;
 -365.9765247900532;
 830.2877088189163]
第1幅图像的旋转矩阵：
[0.1937758760562864, -0.977498467304117, -0.08335260209927936;
 0.7209823339350899, 0.1995120050451515, -0.6636109055737209;
 0.6653084878551674, 0.06849603098695206, 0.743419739936266]
第1幅图像的平移向量：
[0.1512483540755754;
 -2.56104996587185;
 -0.4188313931009912]

第2幅图像的旋转向量：
[63.60906404492427;
 -366.094481590532;
 923.5823780288201]
第2幅图像的旋转矩阵：
[-0.9290328613838441, -0.3697433373342713, -0.01370426816222757;
 0.2787202331984569, -0.6750041305300729, -0.6831430709398566;
 0.2433371613106901, -0.6384820187477916, 0.7301559680376515]
第2幅图像的平移向量：
[0.2372796293852436;
 -2.897886946415098;
 -0.3524780561961614]

第3幅图像的旋转向量：
[-220.5690755592402;
 -324.0378714668348;
 924.1242713383886]
第3幅图像的旋转矩阵：
[0.126529157303639, 0.9825876351038707, 0.1360584862954668;
 -0.8523917129797751, 0.1778530471888512, -0.4917282392226878;
 -0.5073645040751625, -0.05375716646757928, 0.8600531536236242]
第3幅图像的平移向量：
[0.2776052375778533;
 -3.434087916107521;
 -0.4175764479913409]

第4幅图像的旋转向量：
[-485.5307610984414;
 -290.915745525602;
 874.6114451459257]
第4幅图像的旋转矩阵：
[0.4838986286232175, 0.875112102725744, 0.004574372033001484;
 -0.7035006914739659, 0.3921034069363872, -0.592740833218473;
 -0.5205083037879619, 0.2836084024351267, 0.8053802702798063]
第4幅图像的平移向量：
[0.3273613746380551;
 -3.574768963683953;
 -0.4652743110846129]

第5幅图像的旋转向量：
[196.6211141284486;
 57.20601028561008;
 1121.130936660239]
第5幅图像的旋转矩阵：
[-0.6998664717242328, -0.6332479578765881, 0.3304299405341543;
 0.6635920880203122, -0.7475996926429328, -0.02720735703876191;
 0.2642583252673715, 0.2002291772078272, 0.943438293754054]
第5幅图像的平移向量：
[-0.2965928329797808;
 3.113908522964801;
 -0.1205285152520667]

第6幅图像的旋转向量：
[-199.3534214431448;
 59.5267920434493;
 1180.341550286865]
第6幅图像的旋转矩阵：
[0.04671734193142787, 0.976530253832986, -0.2102525940666276;
 -0.9927285486997454, 0.02201194253038519, -0.1183448477228156;
 -0.1109392561691281, 0.2142525092850095, 0.9704578010947811]
第6幅图像的平移向量：
[-0.2271201197875493;
 2.812906402640794;
 0.00919640603517235]

第7幅图像的旋转向量：
[-472.0320057009947;
 77.59240407765581;
 1053.224898529638]
第7幅图像的旋转矩阵：
[0.8228172856996141, -0.5670585849392253, -0.03763343726851139;
 0.5554213708007631, 0.7883763533720657, 0.2645181020300216;
 -0.1203279485893483, -0.238552482046377, 0.9636461477626485]
第7幅图像的平移向量：
[0.2726704792383446;
 -3.32158711292641;
 -0.05365136384873603]

第8幅图像的旋转向量：
[507.0664946607656;
 70.05763764959167;
 969.3736937468058]
第8幅图像的旋转矩阵：
[-0.5578540073413742, -0.1089020076870559, 0.822763185378939;
 0.2260762716157561, -0.9738041796638034, 0.02439137309840744;
 0.798553959294855, 0.1996140586006789, 0.5678607238605924]
第8幅图像的平移向量：
[0.3422426578339941;
 -2.436405292238868;
 -0.05847588829410928]

第9幅图像的旋转向量：
[765.4339939172795;
 55.90896229705297;
 740.1616329784611]
第9幅图像的旋转矩阵：
[0.3550970203315276, 0.7052204733487909, 0.6136531513170757;
 -0.6050385184343724, -0.3270258135848699, 0.7259356090314716;
 0.7126250748903032, -0.6290613652250957, 0.3105596583890582]
第9幅图像的平移向量：
[0.2786533737911987;
 -2.101287336132913;
 -0.1274608138066108]

第10幅图像的旋转向量：
[713.5463731792739;
 -441.4064083537351;
 896.4595661797405]
第10幅图像的旋转矩阵：
[-0.2410103970744426, -0.7464659818289474, 0.6202439249796527;
 -0.03647162860649661, -0.6316649379320646, -0.7743831264264938;
 0.969837001154735, -0.2092556908650913, 0.125012987452361]
第10幅图像的平移向量：
[-0.1966432304283335;
 -2.443994034441677;
 -1.02536096340318]

第11幅图像的旋转向量：
[401.7880526794719;
 -403.5548191078828;
 1162.199527217676]
第11幅图像的旋转矩阵：
[0.9936003643177419, 0.1059992356246829, 0.03901894507330304;
 -0.1073703824013294, 0.9936063804081235, 0.03489930938084034;
 -0.03507017266342961, -0.03886544556865758, 0.9986288400252152]
第11幅图像的平移向量：
[-0.3042003689837341;
 2.681248898202756;
 1.152937587346299]

第12幅图像的旋转向量：
[-39.65173940849488;
 -481.8937226742109;
 1151.524253284069]
第12幅图像的旋转矩阵：
[0.1376642552574722, 0.923922851309858, 0.3569525425765555;
 -0.9027739199232617, 0.2653072720924166, -0.3385429084787758;
 -0.407489634629881, -0.2756421887199828, 0.8706167822106713]
第12幅图像的平移向量：
[-0.3833216297378232;
 2.436987284253064;
 0.7853309138644669]

第13幅图像的旋转向量：
[-40.56484880432524;
 -437.772603394375;
 1148.099173497742]
第13幅图像的旋转矩阵：
[-0.5077285403376878, 0.8213728764406746, 0.2599198475956251;
 -0.7859046957343337, -0.3179869306634756, -0.5303188862844185;
 -0.3529384345027967, -0.4735302627866503, 0.8069718406957708]
第13幅图像的平移向量：
[-0.3723211408040246;
 2.408751045161802;
 0.8292380518703497]

第14幅图像的旋转向量：
[-477.5315632087633;
 -250.5704469347842;
 951.8221411488502]
第14幅图像的旋转矩阵：
[0.8078136445732319, -0.5391018318919315, -0.238340786463576;
 0.586577637272928, 0.7750302361582092, 0.2350634137671364;
 0.05799819904636437, -0.3296928083706319, 0.9423050785260918]
第14幅图像的平移向量：
[-0.5196294628725405;
 2.310696411042918;
 0.5205434319271344]

第15幅图像的旋转向量：
[179.871966048798;
 -398.0896134265608;
 1603.117057572822]
第15幅图像的旋转矩阵：
[-0.9223024563635932, -0.3657422457277063, 0.1248630797142869;
 0.2648451859667545, -0.8334451742350459, -0.4850012051681408;
 0.2814519611868382, -0.4142484172985673, 0.865553604527018]
第15幅图像的平移向量：
[0.3218722359182275;
 -3.024840679425391;
 -0.1808937860623805]

第16幅图像的旋转向量：
[-299.7106868005619;
 -665.7130358406896;
 2067.022873950001]
第16幅图像的旋转矩阵：
[0.789403680691487, 0.5925726829912314, 0.1603104621766976;
 -0.5747522354457635, 0.8051834685349273, -0.1460802856245889;
 -0.2156425207625587, 0.02317751864711378, 0.9761972679067137]
第16幅图像的平移向量：
[0.3500473765809585;
 -3.135994168576095;
 -0.2063518161969154]

第17幅图像的旋转向量：
[-983.3867031428133;
 -714.16748969726;
 1955.982291594476]
第17幅图像的旋转矩阵：
[-0.6349944897371469, 0.2872235367887876, -0.7171364151387101;
 0.2424292314950522, -0.8073267330765632, -0.5380070759540641;
 -0.7334916943770931, -0.5154863586696194, 0.4430166456301131]
第17幅图像的平移向量：
[0.2291710609384794;
 -3.12857477410824;
 -0.259055060750032]

第18幅图像的旋转向量：
[1232.394682734473;
 -737.2818007104497;
 1673.45377471321]
第18幅图像的旋转矩阵：
[0.9840470416464625, 0.1581755607625881, 0.08143655078824359;
 -0.1668448627880549, 0.979394717845119, 0.1137926993190466;
 -0.06175930365605275, -0.1255646392680702, 0.9901612544315188]
第18幅图像的平移向量：
[0.07434207696525628;
 3.166566759296548;
 0.4693918491377903]

第19幅图像的旋转向量：
[1464.219218297963;
 -810.5033501567369;
 1639.269213804262]
第19幅图像的旋转矩阵：
[0.736199166029209, 0.4827408718841529, 0.4743121741537163;
 -0.6699751337676719, 0.6188954220525024, 0.4100021666960376;
 -0.09562482978226719, -0.6196206155180628, 0.7790546737900553]
第19幅图像的平移向量：
[0.1998297986376426;
 -2.432515050270752;
 0.0472985046500895]

第20幅图像的旋转向量：
[-1277.275264603225;
 -781.8272693442941;
 1613.218305463053]
第20幅图像的旋转矩阵：
[0.0265470327483221, -0.3453398876949809, -0.9381021357075559;
 0.9503063218456136, -0.2824697138887362, 0.1308768711265538;
 -0.3101824458484402, -0.8949587826835566, 0.3206799457169808]
第20幅图像的平移向量：
[0.2774346894799075;
 -3.580406988040271;
 -0.8611521911221082]

第21幅图像的旋转向量：
[-221.0096063332523;
 -189.8451676342173;
 978.5005846508236]
第21幅图像的旋转矩阵：
[-0.9044317518930245, 0.02079359908898525, -0.4261112911020327;
 0.1400620187099845, -0.9289756300484172, -0.3426177311392834;
 -0.4029712608643433, -0.3695563624307838, 0.8372826630859672]
第21幅图像的平移向量：
[0.2631506516125401;
 -2.938218238184921;
 -0.1230360298732082]

第22幅图像的旋转向量：
[-422.6972836631391;
 -199.1475047999139;
 800.2151153754475]
第22幅图像的旋转矩阵：
[-0.5779938008570812, 0.09059568574908396, -0.8109966633065997;
 0.3000906060460866, -0.9005832023546987, -0.3144765870449632;
 -0.7588601941950028, -0.4251379980197124, 0.4933445938754311]
第22幅图像的平移向量：
[0.2982116668417825;
 -3.554754601052931;
 -0.4500327713270114]

第23幅图像的旋转向量：
[65.40799905616974;
 -131.0813304984025;
 577.589313370961]
第23幅图像的旋转矩阵：
[0.5247637643995428, 0.816943854293259, 0.239219001138487;
 -0.8401745331344466, 0.5422456477907023, -0.008741357123258756;
 -0.1368566602162125, -0.196398565128455, 0.9709262887418117]
第23幅图像的平移向量：
[0.2108008224158721;
 -2.448906045031851;
 -0.3019577304508617]

第24幅图像的旋转向量：
[335.5937604921654;
 -136.1085850640232;
 466.6796948959677]
第24幅图像的旋转矩阵：
[0.9972052286358498, -0.07223909021921786, -0.01905900904092655;
 0.07115869290079473, 0.9960923885326874, -0.05231055277758057;
 0.02276340058015941, 0.05080814257129817, 0.9984489772855105]
第24幅图像的平移向量：
[0.1401739614240976;
 -2.292621299225865;
 -0.3772001758800933]


